translation: 
  x: 1.0586079141611875
  y: -0.4962028672156661
  z: 0.6091199551546022
rotation: 
  x: -0.6274379086831252
  y: -0.4132557053868552
  z: 0.3246234797843609
  w: 0.574596370581343